<?xml version="1.0" encoding="utf-8"?>
<opencv_storage>
   <camera-matrix type_id="opencv-matrix">
      <rows>3</rows>
      <cols>3</cols>
      <dt>d</dt>
      <data>1766.974008504933863 0.0000000000000000 632.272723513294409 
0.0000000000000000 1767.496518710487180 497.301332337644908 
0.0000000000000000 0.0000000000000000 1.0000000000000000 
</data>
   </camera-matrix>
   <distortion type_id="opencv-matrix">
      <rows>5</rows>
      <cols>1</cols>
      <dt>d</dt>
      <data>-0.155130692212336 0.587657494798493 -0.001029981603745 -0.002629578883377 -1.442486097049519 </data>
   </distortion>
</opencv_storage>
